{
    "camera_angle_x": 0.6911112070083618,
    "camera_angle_y": 0.4710899591445923,
    "fl_x": 1111.111111111111,
    "fl_y": 1111.111111111111,
    "k1": 0.0,
    "k2": 0.0,
    "p1": 0.0,
    "p2": 0.0,
    "cx": 400.0,
    "cy": 400.0,
    "w": 800.0,
    "h": 800.0,
    "aabb_scale": 4,
    "frames": [
        {
            "file_path": "train/0000.png",
            "transform_matrix": [
                [
                    0.32717302441596985,
                    -0.024574073031544685,
                    0.9446448087692261,
                    5.912705421447754
                ],
                [
                    0.9449645280838013,
                    0.0085082296282053,
                    -0.32706236839294434,
                    -2.4471435546875
                ],
                [
                    -9.31322685637781e-10,
                    0.9996618032455444,
                    0.02600528672337532,
                    0.16277186572551727
                ],
                [
                    0.0,
                    0.0,
                    0.0,
                    1.0
                ]
            ]
        },
        {
            "file_path": "train/0001.png",
            "transform_matrix": [
                [
                    0.340789794921875,
                    0.0,
                    0.9401394128799438,
                    5.908846378326416
                ],
                [
                    0.9401395320892334,
                    0.0,
                    -0.3407897651195526,
                    -2.541889190673828
                ],
                [
                    0.0,
                    1.0,
                    0.0,
                    0.0
                ],
                [
                    0.0,
                    0.0,
                    0.0,
                    1.0
                ]
            ]
        },
        {
            "file_path": "train/0002.png",
            "transform_matrix": [
                [
                    0.35491424798965454,
                    0.024187037721276283,
                    0.9345859885215759,
                    5.880067825317383
                ],
                [
                    0.934898853302002,
                    -0.009182089008390903,
                    -0.3547954857349396,
                    -2.6322414875030518
                ],
                [
                    9.313225746154785e-10,
                    0.9996651411056519,
                    -0.025871295481920242,
                    -0.16277258098125458
                ],
                [
                    0.0,
                    0.0,
                    0.0,
                    1.0
                ]
            ]
        },
        {
            "file_path": "train/0003.png",
            "transform_matrix": [
                [
                    0.3689351975917816,
                    0.047999486327171326,
                    0.9282149076461792,
                    5.851289749145508
                ],
                [
                    0.9294553399085999,
                    -0.0190527755767107,
                    -0.3684428632259369,
                    -2.7225935459136963
                ],
                [
                    1.862645593320167e-09,
                    0.9986655712127686,
                    -0.051642611622810364,
                    -0.32554516196250916
                ],
                [
                    0.0,
                    0.0,
                    0.0,
                    1.0
                ]
            ]
        },
        {
            "file_path": "train/0004.png",
            "transform_matrix": [
                [
                    0.38284364342689514,
                    0.07136102020740509,
                    0.921052873134613,
                    5.822510242462158
                ],
                [
                    0.9238132238388062,
                    -0.02957320213317871,
                    -0.38169971108436584,
                    -2.812945604324341
                ],
                [
                    1.862645149230957e-09,
                    0.997012197971344,
                    -0.07724615186452866,
                    -0.4883177876472473
                ],
                [
                    0.0,
                    0.0,
                    0.0,
                    1.0
                ]
            ]
        },
        {
            "file_path": "train/0005.png",
            "transform_matrix": [
                [
                    0.39663079380989075,
                    0.09419956803321838,
                    0.9131321907043457,
                    5.793732166290283
                ],
                [
                    0.9179782867431641,
                    -0.040700800716876984,
                    -0.39453697204589844,
                    -2.9032976627349854
                ],
                [
                    -3.725290298461914e-09,
                    0.9947210550308228,
                    -0.1026163250207901,
                    -0.6510903239250183
                ],
                [
                    0.0,
                    0.0,
                    0.0,
                    1.0
                ]
            ]
        },
        {
            "file_path": "train/0006.png",
            "transform_matrix": [
                [
                    0.4107256829738617,
                    0.11644645035266876,
                    0.9042923450469971,
                    5.748620510101318
                ],
                [
                    0.9117587804794312,
                    -0.052456364035606384,
                    -0.4073622524738312,
                    -2.989617347717285
                ],
                [
                    0.0,
                    0.9918107390403748,
                    -0.1277162730693817,
                    -0.8118971586227417
                ],
                [
                    0.0,
                    0.0,
                    0.0,
                    1.0
                ]
            ]
        },
        {
            "file_path": "train/0007.png",
            "transform_matrix": [
                [
                    0.4249819815158844,
                    0.13816294074058533,
                    0.8945956826210022,
                    5.695441246032715
                ],
                [
                    0.9052018523216248,
                    -0.06486592441797256,
                    -0.4200024902820587,
                    -3.0739450454711914
                ],
                [
                    -3.725290298461914e-09,
                    0.9882830381393433,
                    -0.1526322066783905,
                    -0.9717325568199158
                ],
                [
                    0.0,
                    0.0,
                    0.0,
                    1.0
                ]
            ]
        },
        {
            "file_path": "train/0008.png",
            "transform_matrix": [
                [
                    0.43918874859809875,
                    0.15930326282978058,
                    0.884158194065094,
                    5.642261028289795
                ],
                [
                    0.8983948230743408,
                    -0.07787690311670303,
                    -0.43222904205322266,
                    -3.1582725048065186
                ],
                [
                    7.450580596923828e-09,
                    0.9841532111167908,
                    -0.17731989920139313,
                    -1.1315680742263794
                ],
                [
                    0.0,
                    0.0,
                    0.0,
                    1.0
                ]
            ]
        },
        {
            "file_path": "train/0009.png",
            "transform_matrix": [
                [
                    0.45333465933799744,
                    0.17979934811592102,
                    0.8730177283287048,
                    5.589080810546875
                ],
                [
                    0.891340434551239,
                    -0.09144573658704758,
                    -0.444015771150589,
                    -3.2425999641418457
                ],
                [
                    0.0,
                    0.9794436097145081,
                    -0.20171797275543213,
                    -1.2914034128189087
                ],
                [
                    0.0,
                    0.0,
                    0.0,
                    1.0
                ]
            ]
        },
        {
            "file_path": "train/0010.png",
            "transform_matrix": [
                [
                    0.46767178177833557,
                    0.1995467245578766,
                    0.8610832095146179,
                    5.525731563568115
                ],
                [
                    0.8839023113250732,
                    -0.10557996481657028,
                    -0.45559823513031006,
                    -3.3236589431762695
                ],
                [
                    0.0,
                    0.9741836786270142,
                    -0.22575658559799194,
                    -1.4487221240997314
                ],
                [
                    0.0,
                    0.0,
                    0.0,
                    1.0
                ]
            ]
        },
        {
            "file_path": "train/0011.png",
            "transform_matrix": [
                [
                    0.4823353886604309,
                    0.2185627520084381,
                    0.8482823371887207,
                    5.449391841888428
                ],
                [
                    0.8759865760803223,
                    -0.12034493684768677,
                    -0.46708089113235474,
                    -3.4005422592163086
                ],
                [
                    0.0,
                    0.968373715877533,
                    -0.24950462579727173,
                    -1.602825403213501
                ],
                [
                    0.0,
                    0.0,
                    0.0,
                    1.0
                ]
            ]
        },
        {
            "file_path": "train/0012.png",
            "transform_matrix": [
                [
                    0.49700435996055603,
                    0.23686771094799042,
                    0.8347935676574707,
                    5.373051166534424
                ],
                [
                    0.8677481412887573,
                    -0.13566642999649048,
                    -0.4781295955181122,
                    -3.4774253368377686
                ],
                [
                    7.450581485102248e-09,
                    0.9620230197906494,
                    -0.2729682922363281,
                    -1.7569284439086914
                ],
                [
                    0.0,
                    0.0,
                    0.0,
                    1.0
                ]
            ]
        },
        {
            "file_path": "train/0013.png",
            "transform_matrix": [
                [
                    0.5116640329360962,
                    0.25439682602882385,
                    0.8206596374511719,
                    5.296711444854736
                ],
                [
                    0.8591856360435486,
                    -0.1514989286661148,
                    -0.48872092366218567,
                    -3.5543086528778076
                ],
                [
                    0.0,
                    0.9551598429679871,
                    -0.29609063267707825,
                    -1.911031723022461
                ],
                [
                    0.0,
                    0.0,
                    0.0,
                    1.0
                ]
            ]
        },
        {
            "file_path": "train/0014.png",
            "transform_matrix": [
                [
                    0.5264523029327393,
                    0.27104026079177856,
                    0.8058444261550903,
                    5.214385986328125
                ],
                [
                    0.8502047657966614,
                    -0.16782990097999573,
                    -0.49898409843444824,
                    -3.628781795501709
                ],
                [
                    0.0,
                    0.9478240013122559,
                    -0.3187941312789917,
                    -2.0628244876861572
                ],
                [
                    0.0,
                    0.0,
                    0.0,
                    1.0
                ]
            ]
        },
        {
            "file_path": "train/0015.png",
            "transform_matrix": [
                [
                    0.5416641235351562,
                    0.28672194480895996,
                    0.7901839017868042,
                    5.116547107696533
                ],
                [
                    0.840595006942749,
                    -0.18475839495658875,
                    -0.5091800689697266,
                    -3.697009563446045
                ],
                [
                    1.4901161193847656e-08,
                    0.9400291442871094,
                    -0.341094046831131,
                    -2.208629846572876
                ],
                [
                    0.0,
                    0.0,
                    0.0,
                    1.0
                ]
            ]
        },
        {
            "file_path": "train/0016.png",
            "transform_matrix": [
                [
                    0.55692458152771,
                    0.30154162645339966,
                    0.773891270160675,
                    5.018708229064941
                ],
                [
                    0.8305630683898926,
                    -0.20219530165195465,
                    -0.5189239382743835,
                    -3.76523756980896
                ],
                [
                    1.4901161193847656e-08,
                    0.931766927242279,
                    -0.3630569279193878,
                    -2.3544352054595947
                ],
                [
                    0.0,
                    0.0,
                    0.0,
                    1.0
                ]
            ]
        },
        {
            "file_path": "train/0017.png",
            "transform_matrix": [
                [
                    0.5722152590751648,
                    0.3154366910457611,
                    0.7570134401321411,
                    4.920869827270508
                ],
                [
                    0.8201035261154175,
                    -0.22009135782718658,
                    -0.5281950831413269,
                    -3.833465337753296
                ],
                [
                    1.4901162970204496e-08,
                    0.9230706691741943,
                    -0.38463032245635986,
                    -2.5002405643463135
                ],
                [
                    0.0,
                    0.0,
                    0.0,
                    1.0
                ]
            ]
        },
        {
            "file_path": "train/0018.png",
            "transform_matrix": [
                [
                    0.5875981450080872,
                    0.32830810546875,
                    0.7395553588867188,
                    4.819835662841797
                ],
                [
                    0.8091529607772827,
                    -0.23841379582881927,
                    -0.537057101726532,
                    -3.9001126289367676
                ],
                [
                    0.0,
                    0.9139871597290039,
                    -0.40574297308921814,
                    -2.6443111896514893
                ],
                [
                    0.0,
                    0.0,
                    0.0,
                    1.0
                ]
            ]
        },
        {
            "file_path": "train/0019.png",
            "transform_matrix": [
                [
                    0.6034498810768127,
                    0.3399658799171448,
                    0.7212985157966614,
                    4.7024335861206055
                ],
                [
                    0.7974010109901428,
                    -0.2572762668132782,
                    -0.5458577275276184,
                    -3.958664894104004
                ],
                [
                    0.0,
                    0.9045618772506714,
                    -0.4263423979282379,
                    -2.779496669769287
                ],
                [
                    0.0,
                    0.0,
                    0.0,
                    1.0
                ]
            ]
        },
        {
            "file_path": "train/0020.png",
            "transform_matrix": [
                [
                    0.6193758249282837,
                    0.350588321685791,
                    0.7024680972099304,
                    4.585031509399414
                ],
                [
                    0.785094678401947,
                    -0.2765856981277466,
                    -0.5541902184486389,
                    -4.01721715927124
                ],
                [
                    1.4901161193847656e-08,
                    0.8947559595108032,
                    -0.446555495262146,
                    -2.914681911468506
                ],
                [
                    0.0,
                    0.0,
                    0.0,
                    1.0
                ]
            ]
        },
        {
            "file_path": "train/0021.png",
            "transform_matrix": [
                [
                    0.635351300239563,
                    0.3601144552230835,
                    0.6831151247024536,
                    4.467629909515381
                ],
                [
                    0.7722233533859253,
                    -0.29628634452819824,
                    -0.5620370507240295,
                    -4.075769424438477
                ],
                [
                    2.980232594040899e-08,
                    0.8846083283424377,
                    -0.46633464097976685,
                    -3.049867630004883
                ],
                [
                    0.0,
                    0.0,
                    0.0,
                    1.0
                ]
            ]
        },
        {
            "file_path": "train/0022.png",
            "transform_matrix": [
                [
                    0.6513832211494446,
                    0.36846521496772766,
                    0.6632745862007141,
                    4.348912715911865
                ],
                [
                    0.7587487697601318,
                    -0.3163261413574219,
                    -0.5694189667701721,
                    -4.133526802062988
                ],
                [
                    1.4901160305669237e-08,
                    0.8741688132286072,
                    -0.4856221377849579,
                    -3.184093475341797
                ],
                [
                    0.0,
                    0.0,
                    0.0,
                    1.0
                ]
            ]
        },
        {
            "file_path": "train/0023.png",
            "transform_matrix": [
                [
                    0.6678796410560608,
                    0.3753301501274109,
                    0.6427006721496582,
                    4.214059352874756
                ],
                [
                    0.7442693710327148,
                    -0.33680734038352966,
                    -0.5767356753349304,
                    -4.181540489196777
                ],
                [
                    1.4901159417490817e-08,
                    0.8635324835777283,
                    -0.5042934417724609,
                    -3.306550979614258
                ],
                [
                    0.0,
                    0.0,
                    0.0,
                    1.0
                ]
            ]
        },
        {
            "file_path": "train/0024.png",
            "transform_matrix": [
                [
                    0.6844450235366821,
                    0.3809604048728943,
                    0.6216142177581787,
                    4.0792059898376465
                ],
                [
                    0.7290645241737366,
                    -0.3576452434062958,
                    -0.5835707783699036,
                    -4.229554176330566
                ],
                [
                    1.4901161193847656e-08,
                    0.852618932723999,
                    -0.5225332379341125,
                    -3.429008960723877
                ],
                [
                    0.0,
                    0.0,
                    0.0,
                    1.0
                ]
            ]
        },
        {
            "file_path": "train/0025.png",
            "transform_matrix": [
                [
                    0.7010436654090881,
                    0.38529688119888306,
                    0.600070059299469,
                    3.944352626800537
                ],
                [
                    0.7131182551383972,
                    -0.3787730038166046,
                    -0.5899096131324768,
                    -4.277566909790039
                ],
                [
                    0.0,
                    0.8414733409881592,
                    -0.5402986407279968,
                    -3.551466226577759
                ],
                [
                    0.0,
                    0.0,
                    0.0,
                    1.0
                ]
            ]
        },
        {
            "file_path": "train/0026.png",
            "transform_matrix": [
                [
                    0.7176376581192017,
                    0.38828763365745544,
                    0.5781252980232239,
                    3.8094987869262695
                ],
                [
                    0.6964166760444641,
                    -0.4001193940639496,
                    -0.5957417488098145,
                    -4.325580596923828
                ],
                [
                    -1.4901162970204496e-08,
                    0.8301427960395813,
                    -0.5575507283210754,
                    -3.673924446105957
                ],
                [
                    0.0,
                    0.0,
                    0.0,
                    1.0
                ]
            ]
        },
        {
            "file_path": "train/0027.png",
            "transform_matrix": [
                [
                    0.7346262335777283,
                    0.389504075050354,
                    0.5555275678634644,
                    3.6594386100769043
                ],
                [
                    0.678472101688385,
                    -0.4217416048049927,
                    -0.6015061140060425,
                    -4.362314224243164
                ],
                [
                    1.4901162970204496e-08,
                    0.8187921047210693,
                    -0.5740901231765747,
                    -3.7817161083221436
                ],
                [
                    0.0,
                    0.0,
                    0.0,
                    1.0
                ]
            ]
        },
        {
            "file_path": "train/0028.png",
            "transform_matrix": [
                [
                    0.7516248822212219,
                    0.38926243782043457,
                    0.5324799418449402,
                    3.5093777179718018
                ],
                [
                    0.6595908403396606,
                    -0.44357696175575256,
                    -0.6067779064178467,
                    -4.399048328399658
                ],
                [
                    -1.4901161193847656e-08,
                    0.807288408279419,
                    -0.5901573300361633,
                    -3.889508008956909
                ],
                [
                    0.0,
                    0.0,
                    0.0,
                    1.0
                ]
            ]
        },
        {
            "file_path": "train/0029.png",
            "transform_matrix": [
                [
                    0.7685803174972534,
                    0.387507826089859,
                    0.509040355682373,
                    3.3593173027038574
                ],
                [
                    0.6397533416748047,
                    -0.4655401408672333,
                    -0.6115456819534302,
                    -4.435782432556152
                ],
                [
                    0.0,
                    0.7956823110580444,
                    -0.6057143211364746,
                    -3.9972994327545166
                ],
                [
                    0.0,
                    0.0,
                    0.0,
                    1.0
                ]
            ]
        },
        {
            "file_path": "train/0030.png",
            "transform_matrix": [
                [
                    0.7854347229003906,
                    0.38419580459594727,
                    0.48526903986930847,
                    3.209257125854492
                ],
                [
                    0.6189446449279785,
                    -0.48754072189331055,
                    -0.6158016324043274,
                    -4.472516059875488
                ],
                [
                    1.4901161193847656e-08,
                    0.7840266227722168,
                    -0.6207273006439209,
                    -4.105091094970703
                ],
                [
                    0.0,
                    0.0,
                    0.0,
                    1.0
                ]
            ]
        },
        {
            "file_path": "train/0031.png",
            "transform_matrix": [
                [
                    0.8024682998657227,
                    0.3788854777812958,
                    0.46096697449684143,
                    3.0473403930664062
                ],
                [
                    0.5966948866844177,
                    -0.509546160697937,
                    -0.6199339032173157,
                    -4.498232364654541
                ],
                [
                    0.0,
                    0.7725338935852051,
                    -0.6349735856056213,
                    -4.19765567779541
                ],
                [
                    0.0,
                    0.0,
                    0.0,
                    1.0
                ]
            ]
        },
        {
            "file_path": "train/0032.png",
            "transform_matrix": [
                [
                    0.8193884491920471,
                    0.3718555271625519,
                    0.43626371026039124,
                    2.884458065032959
                ],
                [
                    0.5732386112213135,
                    -0.531531035900116,
                    -0.6235962510108948,
                    -4.523050308227539
                ],
                [
                    -1.4901160305669237e-08,
                    0.761050820350647,
                    -0.6486923098564148,
                    -4.288978576660156
                ],
                [
                    0.0,
                    0.0,
                    0.0,
                    1.0
                ]
            ]
        },
        {
            "file_path": "train/0033.png",
            "transform_matrix": [
                [
                    0.8360908031463623,
                    0.36309605836868286,
                    0.4112340807914734,
                    2.7215750217437744
                ],
                [
                    0.548591136932373,
                    -0.553383469581604,
                    -0.6267490983009338,
                    -4.547868251800537
                ],
                [
                    1.4901162970204496e-08,
                    0.7496184706687927,
                    -0.6618701219558716,
                    -4.380301475524902
                ],
                [
                    0.0,
                    0.0,
                    0.0,
                    1.0
                ]
            ]
        },
        {
            "file_path": "train/0034.png",
            "transform_matrix": [
                [
                    0.8524885177612305,
                    0.3525807857513428,
                    0.3859405815601349,
                    2.5586915016174316
                ],
                [
                    0.5227459669113159,
                    -0.5749849677085876,
                    -0.6293877959251404,
                    -4.572686672210693
                ],
                [
                    -1.4901161193847656e-08,
                    0.7382947206497192,
                    -0.6744781732559204,
                    -4.471624851226807
                ],
                [
                    0.0,
                    0.0,
                    0.0,
                    1.0
                ]
            ]
        },
        {
            "file_path": "train/0035.png",
            "transform_matrix": [
                [
                    0.8687251806259155,
                    0.33991187810897827,
                    0.36024510860443115,
                    2.3872270584106445
                ],
                [
                    0.4952945113182068,
                    -0.5961907505989075,
                    -0.6318543553352356,
                    -4.587093353271484
                ],
                [
                    0.0,
                    0.7273351550102234,
                    -0.6862823963165283,
                    -4.547770023345947
                ],
                [
                    0.0,
                    0.0,
                    0.0,
                    1.0
                ]
            ]
        },
        {
            "file_path": "train/0036.png",
            "transform_matrix": [
                [
                    0.8845846056938171,
                    0.3252999186515808,
                    0.33420056104660034,
                    2.2140860557556152
                ],
                [
                    0.46637967228889465,
                    -0.6169979572296143,
                    -0.6338798403739929,
                    -4.599468231201172
                ],
                [
                    0.0,
                    0.7165846824645996,
                    -0.6975001096725464,
                    -4.620953559875488
                ],
                [
                    0.0,
                    0.0,
                    0.0,
                    1.0
                ]
            ]
        },
        {
            "file_path": "train/0037.png",
            "transform_matrix": [
                [
                    0.8999114036560059,
                    0.3088052570819855,
                    0.3078940808773041,
                    2.040945291519165
                ],
                [
                    0.43607276678085327,
                    -0.6372729539871216,
                    -0.6353926062583923,
                    -4.611843109130859
                ],
                [
                    0.0,
                    0.7060613036155701,
                    -0.7081507444381714,
                    -4.694136619567871
                ],
                [
                    0.0,
                    0.0,
                    0.0,
                    1.0
                ]
            ]
        },
        {
            "file_path": "train/0038.png",
            "transform_matrix": [
                [
                    0.9145833253860474,
                    0.290442556142807,
                    0.2813901901245117,
                    1.8678046464920044
                ],
                [
                    0.40439748764038086,
                    -0.6568633913993835,
                    -0.6363906860351562,
                    -4.624217987060547
                ],
                [
                    -2.9802322387695312e-08,
                    0.6958257555961609,
                    -0.7182106375694275,
                    -4.767320156097412
                ],
                [
                    0.0,
                    0.0,
                    0.0,
                    1.0
                ]
            ]
        },
        {
            "file_path": "train/0039.png",
            "transform_matrix": [
                [
                    0.9286023378372192,
                    0.2699405550956726,
                    0.25461721420288086,
                    1.6892755031585693
                ],
                [
                    0.3710765838623047,
                    -0.6755139827728271,
                    -0.6371680498123169,
                    -4.627335548400879
                ],
                [
                    -1.4901161193847656e-08,
                    0.6861581802368164,
                    -0.7274524569511414,
                    -4.826333522796631
                ],
                [
                    0.0,
                    0.0,
                    0.0,
                    1.0
                ]
            ]
        },
        {
            "file_path": "train/0040.png",
            "transform_matrix": [
                [
                    0.941807746887207,
                    0.24742113053798676,
                    0.2275545299053192,
                    1.508668303489685
                ],
                [
                    0.33615216612815857,
                    -0.6932072043418884,
                    -0.6375464200973511,
                    -4.6268815994262695
                ],
                [
                    -1.4901162970204496e-08,
                    0.6769391894340515,
                    -0.7360389828681946,
                    -4.879879474639893
                ],
                [
                    0.0,
                    0.0,
                    0.0,
                    1.0
                ]
            ]
        },
        {
            "file_path": "train/0041.png",
            "transform_matrix": [
                [
                    0.9540096521377563,
                    0.22304445505142212,
                    0.2002919614315033,
                    1.3280596733093262
                ],
                [
                    0.2997760772705078,
                    -0.7098183035850525,
                    -0.637410581111908,
                    -4.626426696777344
                ],
                [
                    0.0,
                    0.6681383848190308,
                    -0.7440369725227356,
                    -4.933425426483154
                ],
                [
                    0.0,
                    0.0,
                    0.0,
                    1.0
                ]
            ]
        },
        {
            "file_path": "train/0042.png",
            "transform_matrix": [
                [
                    0.9650580286979675,
                    0.1969010829925537,
                    0.17289583384990692,
                    1.1474523544311523
                ],
                [
                    0.2620362639427185,
                    -0.7251704931259155,
                    -0.6367611289024353,
                    -4.625972747802734
                ],
                [
                    0.0,
                    0.659816324710846,
                    -0.7514269351959229,
                    -4.986971378326416
                ],
                [
                    0.0,
                    0.0,
                    0.0,
                    1.0
                ]
            ]
        },
        {
            "file_path": "train/0043.png",
            "transform_matrix": [
                [
                    0.9748486280441284,
                    0.16893769800662994,
                    0.1453627198934555,
                    0.9643617272377014
                ],
                [
                    0.22286829352378845,
                    -0.7389507293701172,
                    -0.635831356048584,
                    -4.618216514587402
                ],
                [
                    0.0,
                    0.6522359848022461,
                    -0.7580159306526184,
                    -5.028810024261475
                ],
                [
                    0.0,
                    0.0,
                    0.0,
                    1.0
                ]
            ]
        },
        {
            "file_path": "train/0044.png",
            "transform_matrix": [
                [
                    0.9832540154457092,
                    0.13920751214027405,
                    0.11761394888162613,
                    0.7793276309967041
                ],
                [
                    0.18224097788333893,
                    -0.7510733008384705,
                    -0.634568452835083,
                    -4.604745864868164
                ],
                [
                    0.0,
                    0.6453759670257568,
                    -0.763865053653717,
                    -5.061484336853027
                ],
                [
                    0.0,
                    0.0,
                    0.0,
                    1.0
                ]
            ]
        },
        {
            "file_path": "train/0045.png",
            "transform_matrix": [
                [
                    0.9900964498519897,
                    0.10797391831874847,
                    0.0897253155708313,
                    0.5942933559417725
                ],
                [
                    0.14038874208927155,
                    -0.761489748954773,
                    -0.6327908635139465,
                    -4.591274261474609
                ],
                [
                    0.0,
                    0.63912034034729,
                    -0.7691066265106201,
                    -5.094158172607422
                ],
                [
                    0.0,
                    0.0,
                    0.0,
                    1.0
                ]
            ]
        },
        {
            "file_path": "train/0046.png",
            "transform_matrix": [
                [
                    0.9952360391616821,
                    0.07543360441923141,
                    0.06176432967185974,
                    0.4092600345611572
                ],
                [
                    0.09749389439821243,
                    -0.7700403928756714,
                    -0.630501925945282,
                    -4.577803611755371
                ],
                [
                    -7.4505792646561986e-09,
                    0.6335200071334839,
                    -0.7737264633178711,
                    -5.126831531524658
                ],
                [
                    0.0,
                    0.0,
                    0.0,
                    1.0
                ]
            ]
        },
        {
            "file_path": "train/0047.png",
            "transform_matrix": [
                [
                    0.998555600643158,
                    0.04178018495440483,
                    0.03378266841173172,
                    0.22384071350097656
                ],
                [
                    0.05372944101691246,
                    -0.7764800190925598,
                    -0.6278470754623413,
                    -4.560054302215576
                ],
                [
